,brand,price,Ram,ROM,Processor,gpu
0,0,49900,8,512,13,1
1,0,39900,8,512,5,0
2,1,26990,8,512,7,0
3,2,59729,16,512,4,0
4,3,69990,8,256,19,3
5,1,39990,8,512,4,0
6,4,36790,8,512,5,0
7,1,76990,16,512,2,2
8,5,48990,8,512,4,0
9,6,74990,16,512,4,0
10,2,49990,16,512,3,0
12,5,72990,16,512,4,2
14,2,29990,8,512,17,1
15,5,53649,8,512,6,2
16,7,33990,8,512,7,0
17,8,79990,32,1024,0,0
18,0,68990,16,512,4,2
19,2,45990,8,512,6,2
20,5,49900,8,512,13,1
21,3,104990,8,256,19,3
22,1,54990,16,512,4,2
23,0,49580,16,512,6,0
24,5,55990,16,512,12,1
25,0,43990,16,512,13,1
26,0,19850,4,256,20,1
27,1,28990,8,512,18,0
28,1,54999,16,512,4,2
29,4,70990,16,512,1,0
30,2,56889,8,512,11,2
31,1,179880,16,1024,0,2
32,0,53790,16,512,13,1
33,1,37990,16,512,13,1
34,1,96990,16,1024,3,2
35,0,71990,16,512,2,0
36,0,59990,16,512,6,2
37,2,62990,16,1024,4,0
38,8,30990,8,512,5,0
39,2,74990,16,512,4,2
40,0,36490,8,512,7,0
41,4,77990,16,1024,4,2
42,6,54990,16,512,4,0
43,2,41190,8,256,5,0
44,5,89990,16,512,2,2
45,2,399999,32,1024,0,2
47,4,31490,8,512,14,1
48,0,70590,16,512,4,2
49,5,104990,16,512,3,2
50,2,23990,8,256,18,0
51,0,37999,8,512,13,1
53,2,30849,8,512,14,1
54,0,58990,8,512,4,2
56,2,49990,16,512,9,1
57,0,51780,8,512,4,0
58,5,68990,16,512,18,2
59,5,85990,16,1024,3,2
60,2,96990,16,512,1,2
61,2,148990,32,1024,0,2
62,5,72990,16,512,4,2
63,4,84490,16,1024,1,0
64,5,60990,16,512,3,0
65,8,33990,16,512,6,0
66,5,35990,16,512,7,0
67,1,60990,16,512,4,2
69,5,62990,16,512,4,2
70,7,65990,16,1024,18,2
71,8,23990,8,512,18,0
72,5,61990,16,512,6,2
73,4,36990,8,512,14,1
74,5,50970,16,512,13,1
75,4,184999,16,512,18,2
76,0,109990,16,1024,9,2
78,0,39150,8,512,5,0
79,1,92999,16,512,2,0
80,0,80990,16,512,9,2
81,0,55850,8,512,10,2
82,1,38990,8,512,6,0
83,7,53990,16,1024,6,2
84,8,38990,16,512,4,0
85,0,139234,16,1024,9,2
86,7,57990,16,1024,6,2
87,2,89999,8,512,2,2
88,1,37990,16,512,6,0
89,5,30990,8,512,7,0
90,4,92990,16,512,2,2
91,0,42990,8,512,5,0
92,5,59089,16,512,6,2
93,0,72999,16,512,4,2
94,0,126742,16,1024,15,2
95,3,126990,8,256,19,3
96,6,49990,8,512,4,0
97,4,74390,16,512,4,0
98,4,52990,8,512,4,0
99,2,60990,8,512,6,2
100,0,98174,16,512,15,1
101,2,18990,8,256,20,1
102,5,38990,8,512,6,0
103,0,41950,8,512,13,1
106,5,40990,8,512,5,0
107,2,74990,8,512,15,2
110,5,10990,4,32,18,0
111,7,88990,32,1024,2,2
112,0,54990,8,512,4,0
113,2,49990,8,512,9,1
114,5,80739,16,512,0,0
115,2,62990,16,512,3,0
116,0,62990,8,512,4,2
117,0,69501,16,512,20,2
118,2,59990,16,512,4,0
119,0,54990,8,512,20,2
120,2,64990,16,512,4,2
121,7,37729,16,512,5,0
122,2,50712,16,512,13,2
123,7,44990,16,512,6,0
125,0,49990,16,512,12,1
126,0,72990,16,512,2,0
127,2,52101,16,512,18,0
128,8,28990,8,512,7,0
129,0,69490,16,512,3,0
130,1,39965,8,512,18,0
131,1,54990,16,512,2,2
132,5,46999,8,512,4,0
133,5,83990,16,512,2,0
134,0,51499,8,512,13,1
135,4,50990,16,512,13,1
136,0,23990,4,128,18,0
137,1,27990,8,512,17,1
138,0,79990,16,1024,2,0
139,6,84390,16,512,1,0
140,8,24990,8,256,18,0
141,6,281990,32,1024,0,2
142,2,26590,8,512,20,1
143,8,37990,16,1024,6,0
144,5,71189,16,512,15,2
145,0,85999,16,512,9,2
146,2,93990,16,1024,9,1
147,5,84990,16,512,4,0
148,4,44190,8,1024,18,0
149,1,159990,16,1024,0,2
150,0,52990,16,512,13,1
151,1,39990,8,512,6,0
152,4,73990,16,1024,2,0
153,2,57500,16,512,6,2
154,5,59990,8,512,13,2
155,1,53990,16,512,4,2
156,5,33990,8,512,7,0
157,4,75990,16,512,2,0
158,3,144990,8,512,19,3
159,5,60539,16,512,4,0
160,5,56990,16,512,12,1
161,0,75533,16,512,2,0
162,4,74990,8,512,2,2
163,5,94990,16,512,9,2
164,5,179990,16,1024,0,2
165,5,77990,16,512,4,2
166,0,37990,8,512,5,0
167,0,62990,16,512,2,0
168,1,129999,16,1024,1,2
169,0,52990,8,512,13,1
170,1,104990,16,512,1,2
172,1,114499,16,1024,1,2
173,0,49990,8,512,5,0
174,5,39990,8,512,5,0
175,1,68990,16,512,10,2
176,1,79990,16,512,9,2
177,7,66490,16,512,18,2
178,5,69990,16,512,12,1
179,5,86490,16,512,2,0
180,0,32790,8,512,17,1
181,5,429990,32,2048,8,2
182,4,49990,16,512,13,1
183,7,43990,16,512,10,1
184,7,36990,8,512,6,0
185,7,102990,16,1024,3,2
186,1,29990,8,256,18,0
187,0,77889,16,1024,2,0
188,6,69990,8,512,2,0
189,6,138990,16,1024,1,0
190,0,51990,8,512,13,1
191,6,69990,8,512,2,0
192,5,72990,16,512,13,2
193,5,50400,16,512,13,1
194,4,108000,8,512,4,0
195,4,50990,8,1024,4,0
196,2,47990,8,512,6,2
197,0,91990,16,512,15,1
198,1,25449,8,256,20,1
199,1,33207,8,512,5,0
200,0,52990,8,512,4,0
201,4,42434,8,512,13,1
202,0,42200,8,1024,7,0
203,0,41990,16,512,13,1
204,5,80900,16,512,15,2
205,5,38990,8,512,7,0
206,3,135990,8,512,19,3
207,5,72490,16,512,4,0
208,5,72490,16,512,4,0
209,4,35990,8,512,7,0
211,4,52500,8,1024,6,0
212,4,59999,8,512,18,0
213,3,112990,8,512,19,3
215,3,201498,32,2048,18,3
216,0,64990,16,1024,4,2
217,2,68999,8,512,4,0
218,2,60990,8,512,10,2
219,4,40990,8,512,5,0
220,2,107690,16,512,9,2
221,2,25490,8,512,20,1
222,0,38999,8,512,5,0
223,8,59990,8,512,18,0
224,0,60990,8,512,4,2
225,0,55500,8,512,10,2
226,0,124999,16,1024,1,2
227,0,104990,16,1024,9,2
228,7,136990,16,1024,3,2
229,2,131990,16,1024,9,2
230,2,36490,8,512,7,0
231,5,188752,16,1024,8,2
232,0,36999,8,512,5,0
233,2,92890,16,1024,2,0
234,4,57990,8,256,18,0
235,0,51999,8,512,4,0
236,2,79990,16,512,2,0
237,2,76890,16,512,2,0
238,2,37790,8,512,13,1
239,1,17990,8,128,18,0
240,0,38990,8,512,5,0
241,2,41990,8,512,6,0
242,2,68990,16,512,2,0
243,0,69990,16,1024,4,0
244,1,56990,16,1024,18,0
245,5,89990,16,1024,15,2
246,7,62990,16,512,4,2
247,2,37990,8,512,5,0
248,2,58990,8,512,11,2
249,2,26990,8,512,20,1
250,5,94990,16,1024,2,2
251,5,86189,16,512,15,2
253,2,194990,16,1024,0,2
254,2,51990,8,512,6,2
255,2,31990,8,256,7,0
256,1,41990,8,512,18,0
257,5,31990,8,256,7,0
258,5,51390,16,512,4,0
259,0,76900,16,1024,2,0
260,0,27890,8,512,18,0
261,2,56990,16,512,18,0
262,5,73990,16,1024,12,2
263,0,24999,8,512,20,1
264,0,33999,8,256,13,1
265,2,61990,16,512,4,0
266,0,47990,8,512,13,1
267,5,53990,8,512,6,2
268,0,31890,8,512,20,1
269,5,62390,16,512,13,2
272,8,49990,16,512,3,0
273,4,43490,8,512,18,0
274,4,95640,16,1024,2,0
275,0,125990,16,1024,9,2
276,0,72990,16,1024,2,0
277,7,47990,8,512,6,2
278,0,99999,16,512,2,2
279,5,40990,8,512,5,0
280,5,94990,16,512,3,0
281,5,37990,8,512,20,0
282,2,73990,16,512,4,2
283,2,109990,16,512,9,2
284,1,65999,8,512,4,2
285,1,35990,8,512,13,1
286,5,37980,8,512,5,0
287,7,40789,16,512,6,0
288,4,450039,64,1024,0,2
289,5,89990,16,1024,3,2
290,1,56990,16,512,2,2
292,1,54990,8,512,4,0
293,4,67000,8,1024,2,0
294,2,34499,8,512,17,1
295,0,107763,16,512,1,0
296,4,61490,8,1024,18,0
297,0,80490,16,512,2,0
298,2,57990,16,512,10,2
299,7,39990,16,512,6,0
300,2,53990,8,512,5,0
301,4,44500,8,512,20,1
302,0,48999,16,512,10,1
303,0,116990,16,1024,1,0
304,1,30990,8,512,17,1
305,2,33790,8,512,17,1
306,7,51990,16,512,6,2
307,5,45990,8,512,4,0
308,7,51990,8,512,6,2
309,2,34099,8,512,5,0
310,0,65600,16,512,9,1
311,2,27990,8,512,17,1
312,2,46990,8,512,4,0
313,4,161590,16,1024,1,2
314,4,98990,16,512,1,0
315,2,172990,32,1024,1,2
316,1,25990,8,256,7,0
317,0,61990,16,512,13,2
318,5,76990,16,1024,12,1
319,4,126790,16,512,1,2
320,5,209990,16,1024,0,2
321,5,209990,16,1024,0,2
322,5,142990,16,1024,1,2
323,5,156990,16,1024,0,2
324,5,93980,16,512,2,2
325,5,53990,8,512,6,2
326,0,51990,8,512,4,0
327,5,35990,16,512,20,0
328,0,37990,8,512,5,0
329,0,46490,16,512,10,1
330,0,90490,16,1024,1,0
331,0,55990,8,512,13,2
332,5,159990,16,1024,0,2
333,0,57990,8,512,2,0
334,1,104990,16,512,1,2
335,1,99990,16,512,2,2
336,7,80500,16,512,4,3
337,4,37990,8,512,13,1
338,0,34250,8,512,17,1
339,0,109990,16,512,1,2
340,0,33990,8,512,7,0
341,5,79990,16,512,2,0
342,5,64990,16,512,2,0
343,5,109990,16,1024,0,0
344,7,62990,16,512,12,1
346,7,420000,64,2048,0,2
347,2,23990,8,256,20,1
348,0,42999,8,512,10,1
349,0,38861,8,512,13,1
350,2,33590,8,512,5,0
351,0,15990,4,128,18,0
352,5,33980,8,512,17,1
353,1,78400,8,512,10,2
354,5,79990,16,512,12,2
355,1,47990,12,512,4,0
356,5,74990,16,512,13,2
357,7,45889,8,512,2,0
358,5,90990,16,512,9,1
359,5,50990,8,512,10,1
360,6,74990,16,512,2,0
361,8,25990,8,512,18,0
362,6,133990,16,1024,1,0
363,6,165990,16,1024,1,0
364,6,163990,16,512,1,0
365,6,109990,16,512,1,0
366,6,139990,16,512,1,0
367,6,109990,16,512,2,0
368,6,149990,16,512,1,0
369,6,179990,16,1024,1,0
370,6,155990,16,512,2,0
371,6,229900,32,512,0,2
372,2,35990,8,512,13,1
373,0,37990,8,512,7,0
374,0,34999,8,512,7,0
375,3,290990,32,1024,19,3
376,3,234990,16,1024,19,3
377,0,82799,16,512,4,0
378,4,31790,8,256,14,1
379,2,60990,8,512,12,2
380,7,86990,16,1024,4,2
381,4,52990,16,512,6,0
382,4,38990,8,512,13,1
383,5,52558,16,512,10,1
384,5,31990,8,512,7,0
385,0,34499,8,512,17,1
386,5,94490,16,512,2,0
387,0,33800,8,512,7,0
388,6,74390,16,512,2,0
389,5,104490,16,512,2,0
390,5,105739,16,1024,0,0
391,2,45500,8,512,5,0
392,5,50760,16,512,10,1
393,5,49990,16,512,10,1
394,5,33199,8,512,17,1
395,5,70990,16,512,12,2
396,1,64990,8,512,10,2
397,5,59990,16,512,10,1
398,5,88990,16,512,9,1
399,5,44990,8,512,10,1
400,0,77990,16,1024,9,1
401,5,70990,16,512,9,1
402,2,55990,8,512,13,2
404,1,37990,8,512,10,1
405,0,64990,16,512,13,2
406,2,32990,8,512,20,1
407,6,179490,16,1024,1,0
408,8,56990,16,512,4,0
409,0,56990,8,512,6,2
410,5,34990,8,512,20,0
411,0,83249,16,512,4,0
412,4,57990,16,512,4,0
413,0,85490,16,512,4,0
414,4,55890,8,512,4,0
415,5,40689,8,512,5,0
416,1,48990,16,512,4,0
417,0,66648,16,512,4,0
418,1,36990,8,512,5,0
420,2,144990,32,1024,3,2
421,4,118499,16,512,18,0
422,2,35490,8,512,13,1
423,2,62889,16,512,12,1
424,2,63999,8,512,13,2
426,5,49990,8,512,5,0
427,5,54990,8,512,4,0
428,2,119990,16,512,3,2
429,7,85990,16,512,3,2
430,7,85590,16,1024,3,2
431,2,31990,8,512,14,1
432,5,55800,16,512,13,1
434,1,31500,8,512,7,0
435,5,37990,8,512,7,0
436,0,63490,8,512,13,2
437,2,60990,16,512,4,0
438,2,39900,8,512,13,1
439,5,33990,8,512,20,0
440,0,57580,16,512,4,0
441,5,339990,32,2048,20,2
442,0,34999,8,512,7,0
443,0,54990,8,512,4,0
444,0,35999,8,1024,7,0
445,0,41710,8,1024,7,0
446,4,50090,8,512,13,1
447,0,45890,16,512,13,1
448,0,29990,8,512,20,1
449,0,37672,8,512,7,0
450,4,83523,16,512,15,2
451,1,52128,8,512,4,2
452,1,39990,8,512,4,0
453,4,54790,8,512,12,1
454,1,147090,32,2048,3,2
455,0,67990,16,512,4,0
456,7,49290,8,512,6,2
457,5,51990,8,512,18,2
458,0,83149,16,1024,3,0
459,0,54999,8,512,4,0
460,6,74990,16,512,3,0
461,2,66990,16,512,12,2
462,0,61990,8,512,4,0
463,0,51573,8,512,13,1
464,1,31500,8,256,7,0
465,1,29000,4,256,7,0
466,0,32990,8,512,14,1
467,2,36990,8,512,13,1
468,3,239900,16,1024,19,3
469,3,309490,32,1024,19,3
470,4,49990,8,512,6,0
471,4,40250,8,1024,7,0
472,5,59990,16,512,18,2
473,4,57990,8,1024,6,2
478,0,37290,8,1024,20,1
481,0,90464,8,512,18,3
482,1,54490,8,512,18,0
483,3,199900,8,512,18,0
484,4,89999,8,256,6,0
485,4,260000,32,1024,3,0
486,1,45999,16,1024,6,0
487,2,106990,16,1024,3,0
488,2,221990,16,1024,1,0
489,1,146990,32,2048,3,2
490,5,52990,8,512,18,2
491,1,59990,8,512,4,0
492,4,52990,8,512,6,0
493,6,64490,16,512,4,0
494,6,78990,8,512,4,0
495,6,59900,8,512,4,0
496,0,55990,16,512,13,1
497,2,19990,4,256,18,0
499,6,112990,16,512,3,0
500,6,101990,16,512,3,0
501,6,102990,16,512,4,0
502,5,33499,4,128,18,0
503,0,33999,8,512,14,1
504,3,215994,16,512,19,3
505,3,215994,16,1024,19,3
506,5,26500,4,1024,18,0
508,4,68000,16,512,6,0
509,2,47925,8,512,6,0
511,4,67800,8,512,18,0
513,3,72999,8,256,18,0
514,3,109999,8,512,18,0
515,4,87990,8,256,18,3
516,0,121900,16,512,20,0
517,5,136490,16,1024,18,2
519,0,50490,16,512,12,1
520,4,71990,16,1024,2,0
521,4,136899,16,1024,1,2
522,2,62990,16,512,13,1
523,5,43990,8,512,10,1
524,1,33990,8,512,10,1
525,5,58990,16,1024,10,0
526,7,154990,16,1024,1,2
527,7,69990,16,1024,18,0
528,2,50000,8,512,7,0
529,2,36990,8,512,10,1
530,5,76500,16,512,9,1
531,2,33990,8,256,5,0
532,2,32990,8,512,17,1
533,5,103221,16,512,2,2
534,5,89990,16,512,4,2
535,2,56990,8,512,6,2
536,5,44980,16,512,10,1
537,5,23990,8,256,18,0
538,5,76990,16,512,12,2
539,1,26920,8,64,18,0
541,4,38990,8,512,7,0
542,2,52990,8,512,13,2
543,0,362999,32,1024,0,2
544,1,64990,16,512,2,2
545,1,62990,16,512,2,2
546,1,18990,8,256,18,0
547,0,169999,16,512,1,2
548,0,189999,16,1024,1,2
549,0,298999,32,2048,0,2
550,0,99999,16,1024,20,1
551,0,267999,16,1024,1,2
552,2,108990,16,1024,1,2
553,2,51990,8,512,6,2
554,5,62608,16,512,6,2
555,1,57999,8,512,4,2
556,4,62990,8,512,2,0
557,2,71990,16,512,2,0
558,2,297990,32,1024,0,2
559,2,138490,16,1024,1,2
560,2,103395,16,512,12,2
561,2,88990,16,512,15,2
562,7,419990,64,2048,0,2
563,2,87990,16,512,1,0
564,2,48990,8,512,4,0
565,7,79990,16,512,9,1
566,2,33990,8,256,5,0
567,0,26990,8,512,18,0
568,1,13990,4,64,18,0
569,1,49990,16,1024,18,0
570,7,59990,8,512,10,1
571,5,91990,16,1024,15,2
572,5,95689,16,1024,0,0
573,1,26732,8,128,18,0
574,0,89999,16,512,6,0
575,5,69990,16,1024,12,1
576,5,65391,16,1024,13,1
577,2,90000,16,512,20,1
578,2,38390,8,512,5,0
579,2,40990,8,512,10,1
580,2,50990,8,512,13,2
581,4,47990,8,512,6,0
582,4,59990,16,512,4,0
583,4,61990,8,512,2,0
584,2,31990,8,512,17,1
585,7,129990,32,1024,1,2
586,2,49989,8,512,4,0
587,4,42990,8,512,13,1
588,7,259990,32,1024,1,2
589,2,44690,8,512,18,0
590,2,61990,16,512,10,1
591,0,123300,16,1024,3,0
592,4,74499,16,1024,2,0
593,2,47990,8,512,6,2
594,2,85990,16,1024,9,1
595,2,61990,16,512,12,1
597,0,49990,8,512,13,1
598,2,112990,16,512,9,2
599,2,127990,16,512,9,2
600,0,91590,16,512,1,0
601,0,103060,16,512,2,2
602,0,39600,8,512,17,1
603,2,137590,16,512,9,2
604,2,53980,16,512,9,1
605,1,54990,16,512,10,1
606,5,28099,8,512,18,0
607,0,415000,16,1024,3,0
612,5,65990,16,1024,9,1
613,0,56990,8,512,10,2
614,2,88999,16,1024,6,0
615,2,35990,8,512,7,0
616,2,111490,16,512,1,0
617,0,50990,8,512,4,0
618,2,89500,16,512,4,0
619,2,66388,16,512,10,1
620,5,66990,16,1024,13,2
621,5,74990,16,1024,12,2
622,0,26990,8,512,20,1
623,4,65990,8,1024,2,0
624,5,87990,16,1024,3,2
625,4,36480,8,512,7,0
626,4,63989,8,1024,2,0
628,5,104990,16,512,3,2
629,0,64800,8,512,4,0
630,5,27990,4,64,18,0
631,5,14990,4,128,18,0
632,5,22990,4,64,18,0
633,5,23990,4,128,18,0
634,0,42900,8,512,5,0
637,2,57990,16,512,12,1
638,5,104222,16,512,3,2
640,2,63990,16,512,9,1
641,2,48990,8,512,10,1
642,2,46990,8,512,4,0
643,0,55990,8,512,20,2
644,5,66990,16,512,4,2
645,5,89990,16,512,4,2
646,7,62990,16,512,6,2
647,7,85990,16,512,3,2
648,2,47100,8,512,5,0
649,2,91990,16,512,9,1
650,5,67990,16,512,13,2
651,1,39990,16,512,13,1
652,1,36990,8,512,13,1
653,5,33990,8,512,17,1
654,2,43800,8,512,6,0
655,0,179490,32,1024,8,2
657,4,84990,16,1024,1,0
659,5,57990,16,512,6,2
660,0,58990,8,512,20,2
661,4,304990,32,1024,18,2
662,5,33990,8,512,17,1
664,1,39900,8,512,18,0
665,2,36490,8,512,7,0
666,2,87490,16,512,1,0
667,4,44990,8,1024,18,0
668,2,107990,16,512,1,0
669,4,46900,8,1024,20,1
670,4,98890,16,1024,1,0
671,4,76990,8,1024,2,0
672,4,86990,16,1024,2,0
673,4,86990,16,1024,2,0
674,4,58490,8,512,2,0
675,0,69199,16,512,13,2
676,7,45990,8,512,6,2
677,7,94990,16,512,3,2
678,7,97990,8,1024,3,2
679,7,179990,16,1024,0,2
680,7,125990,8,1024,1,2
681,0,116463,16,512,2,2
682,0,109990,16,512,1,2
683,0,153625,16,512,2,2
684,0,270129,32,1024,0,2
686,2,58990,16,512,10,1
687,0,107190,16,512,3,0
689,0,102090,16,512,2,2
690,0,231746,16,512,1,0
691,5,81990,16,512,3,2
692,4,36890,8,512,7,0
693,2,87990,16,512,4,2
694,0,77990,16,512,2,0
696,2,97990,16,512,9,2
697,7,284990,32,1024,0,2
698,7,344990,32,2048,0,2
699,0,146599,16,1024,1,2
700,1,44990,8,512,6,2
701,2,57990,16,512,10,1
702,0,128599,16,512,9,2
703,5,21990,4,256,20,0
704,0,151990,16,512,1,2
705,8,52990,16,1024,18,0
706,2,119888,16,1024,6,0
707,0,22990,4,256,20,1
708,2,76888,16,512,10,1
709,4,256990,16,1024,1,2
710,4,83090,16,512,2,0
711,4,67999,16,512,6,2
712,1,96256,16,512,3,2
713,7,77990,16,512,4,0
714,4,323290,32,1024,0,2
715,4,67990,16,512,12,1
716,7,82990,8,512,4,0
717,4,199990,16,1024,20,2
719,2,73990,16,512,10,1
720,5,67990,16,512,13,2
721,5,142990,16,1024,3,2
722,2,64990,16,512,12,1
723,5,84800,16,512,3,2
724,2,64990,16,512,10,1
725,1,129990,16,512,9,2
726,1,114990,8,512,9,2
727,1,80000,8,512,1,2
728,1,54990,16,512,2,2
730,4,69990,8,512,18,0
731,5,76990,16,512,12,2
734,0,29999,8,512,18,0
735,0,97705,16,512,4,2
736,0,240707,32,1024,18,2
737,0,234990,16,1024,3,2
738,0,209990,16,1024,3,2
739,0,390914,32,1024,18,2
740,0,172588,16,1024,3,2
741,0,254657,16,1024,3,2
743,2,23990,4,256,18,0
744,5,119990,16,512,15,2
747,5,61990,16,512,2,0
748,0,26999,8,512,20,1
749,0,103099,16,512,2,2
750,8,64990,32,1024,1,0
751,2,47990,8,512,4,0
752,2,24990,8,256,18,0
753,2,130800,16,512,18,2
754,7,57990,16,512,18,2
755,2,38500,8,512,17,1
756,7,47990,8,512,6,2
757,2,44990,8,512,17,1
758,7,69990,16,512,4,2
759,5,61990,16,512,2,0
760,5,89990,16,512,4,2
761,5,65990,16,512,18,0
762,2,58990,8,512,10,1
763,0,94990,16,512,2,0
764,0,86490,16,512,9,1
765,0,77490,16,512,10,1
766,0,85490,16,512,10,1
767,2,44000,8,512,18,0
768,0,51990,16,512,10,1
769,4,37990,8,1024,7,0
770,0,34990,8,512,17,1
771,2,57799,16,512,10,1
772,2,65990,8,512,4,0
773,2,53990,8,512,4,3
774,2,49990,8,512,13,2
775,7,171990,16,1024,1,2
776,0,44990,8,512,18,0
777,0,115990,16,1024,1,0
778,0,50990,16,512,10,1
779,0,109990,16,512,1,0
780,1,29990,8,256,16,1
781,5,163999,16,1024,8,2
782,5,58990,8,1024,6,2
783,4,83990,16,512,1,0
784,4,43890,8,512,13,1
786,2,35490,8,512,7,0
787,0,137890,32,1024,15,2
788,4,94990,16,512,3,0
789,2,67990,16,512,4,2
790,0,46990,8,512,10,1
791,5,94990,16,512,3,2
792,7,83500,8,512,18,2
793,7,91990,16,512,4,2
794,7,111990,16,512,3,2
795,0,67990,16,512,4,0
796,2,67999,8,512,4,0
797,2,46200,8,512,5,0
798,4,52998,8,512,5,0
799,4,45499,8,512,13,1
800,2,49999,8,512,5,0
801,1,29980,8,256,18,0
802,4,57290,8,512,20,1
803,0,58990,8,512,6,0
805,7,79990,16,512,9,2
806,7,78990,16,512,10,2
807,1,51990,8,512,2,0
808,7,104990,16,1024,9,3
809,7,104990,16,1024,9,3
810,1,39990,8,512,6,0
811,7,59990,16,512,18,2
812,7,47990,8,512,6,2
813,5,47890,8,512,4,0
814,7,85490,16,512,10,3
815,7,94990,16,1024,9,3
816,7,95490,16,1024,9,3
817,0,54999,8,512,5,1
818,2,159000,16,512,3,0
819,4,80610,16,512,4,2
820,7,77990,8,512,4,0
821,4,303490,32,1024,1,2
822,4,201990,32,1024,1,0
823,4,278290,32,1024,1,2
824,2,286200,32,1024,0,2
825,2,157544,16,1024,2,2
826,2,140990,16,1024,9,2
827,2,133000,16,512,3,0
828,2,72500,8,512,4,0
834,2,63999,16,1024,4,0
835,4,43490,8,512,13,1
838,7,36990,16,512,5,0
839,5,63990,16,512,4,2
840,2,45990,8,512,4,0
841,2,34990,8,512,13,1
842,2,41490,8,512,13,1
843,5,64990,16,512,12,2
844,0,57990,8,512,6,2
845,1,54990,16,512,4,2
846,4,208990,16,1024,1,2
847,5,91560,16,1024,2,0
848,2,74000,16,512,6,0
849,2,51999,8,512,4,0
850,2,31990,8,512,17,1
851,2,32490,8,256,7,0
852,2,74888,16,512,18,2
853,0,66500,8,512,6,2
854,4,156799,16,1024,1,2
855,4,166899,32,1024,1,2
856,4,89990,16,512,1,0
857,0,171499,16,1024,18,2
858,0,29999,8,512,18,0
859,2,35998,8,512,7,0
860,4,44989,8,512,18,0
861,1,34990,8,512,5,0
862,8,48990,16,512,18,0
863,4,72990,8,512,2,0
864,4,71570,16,512,2,0
865,0,74990,16,512,12,2
866,5,25990,8,256,18,0
867,0,46490,8,512,12,1
868,4,64590,8,512,2,0
869,4,63990,8,512,2,0
870,7,247999,32,1024,0,2
871,4,93990,8,512,2,0
872,0,51990,8,512,13,1
873,5,47990,8,512,10,1
874,2,34390,8,512,5,0
875,1,50990,8,512,4,2
876,0,28490,8,512,18,0
877,7,79990,8,512,3,2
878,7,79990,16,1024,4,2
879,1,29990,8,512,16,1
880,0,59990,8,512,13,2
881,1,107399,16,1024,9,1
882,4,129199,16,512,1,2
883,4,119990,16,512,1,2
884,4,187490,16,1024,0,2
885,4,125699,16,512,1,2
886,1,49990,16,512,18,0
887,1,56990,16,512,2,0
888,5,44990,8,512,18,0
889,5,110000,16,1024,15,2
890,5,189990,32,1024,8,2
891,5,129990,16,512,1,2
892,5,131990,16,1024,8,2
